0	0.42601715185390876	0.7375936095856216
1	0.29823593285898814	0.7850224663005492
2	0.25456666794066996	0.8101847229156266
3	0.231966792584989	0.8229655516724913
4	0.21654398372759834	0.8311532700948577
5	0.2009585200788114	0.8396405391912132
6	0.18868187365059655	0.8474288567149276
7	0.17809495529808556	0.854018971542686
8	0.16759082684501672	0.8612081877184223
9	0.15974076487385808	0.8698951572641038
10	0.1545699610116002	0.8691962056914628
11	0.14716306204993884	0.8769845232151773
12	0.13844755130073133	0.8793809286070894
13	0.1366247231967914	0.8799800299550674
14	0.13019074266330122	0.889166250624064
15	0.12738338141395641	0.8896655017473789
16	0.12022909341147914	0.8946580129805292
17	0.11311838802057333	0.8996505242136795
18	0.11566637423091804	0.8991512730903645
19	0.10572064189484325	0.9068397403894158
20	0.11092296271278454	0.8996505242136795
21	0.1027383164475901	0.9076385421867199
22	0.10372620116407498	0.9095356964553171
23	0.09912442094601762	0.9119321018472292
24	0.09841096896333054	0.9124313529705442
25	0.09015069297327401	0.9198202695956066
26	0.09143380844554962	0.9188217673489766
27	0.08858039660956532	0.9205192211682476
28	0.08904898280914599	0.9212181727408887
29	0.08579798323658709	0.9240139790314528
30	0.08415870544628594	0.9259111333000499
31	0.08127975463867188	0.9238142785821268
32	0.07877549729027307	0.9297054418372441
33	0.08301143829053202	0.9260109835247129
34	0.07482378779889677	0.9314028956565152
35	0.0747984072651726	0.9294058911632551
36	0.07309653431462784	0.9333999001497754
37	0.07885625187200479	0.9291063404892661
38	0.07033028770178652	0.9363954068896655
39	0.06934968503519369	0.9382925611582627
40	0.07042776357632476	0.9380928607089366
41	0.06842785673781325	0.9378931602596106
42	0.06621291919257313	0.9420868696954569
43	0.06815053555912103	0.9423864203694459
44	0.06442408820691581	0.9417873190214678
45	0.0645584618321623	0.9386919620569146
46	0.06439873814201964	0.9428856714927608
47	0.06231286045842278	0.945781328007988
48	0.05945925971570487	0.9445831253120319
49	0.06058330353075704	0.946580129805292
50	0.05726827066927291	0.945681477783325
51	0.06075863335460139	0.9496754867698453
52	0.06439811657792843	0.9441837244133799
53	0.05100255119153105	0.9524712930604093
54	0.059535571942314174	0.9486769845232151
55	0.061316822283565046	0.946679980029955
56	0.05543915989299933	0.9498751872191712
57	0.05285901688158322	0.9538691962056914
58	0.05653528207407211	0.9525711432850724
59	0.053164753289268424	0.9537693459810285
60	0.048702303974773174	0.9584623065401897
61	0.051762992200760034	0.9562656015976035
62	0.05235548903005192	0.9536694957563655
63	0.04886314587090343	0.9540688966550175
64	0.0498201047269681	0.9530703944083874
65	0.05264708790154503	0.9553669495756365
66	0.046920166990627496	0.9604593110334498
67	0.05097399580592926	0.9541687468796805
68	0.04870241366255398	0.9555666500249625
69	0.04954854520365072	0.9559660509236145
70	0.042797271436014875	0.9598602096854718
71	0.04432553909838009	0.9613579630554169
72	0.04586612226102299	0.9597603594608087
73	0.043560436358467076	0.9623564653020469
74	0.048645954924269603	0.9561657513729406
75	0.04773091812865041	0.9572641038442337
76	0.04369888366601719	0.9626560159760359
77	0.042580077442498254	0.963155267099351
78	0.04785715657682084	0.9604593110334498
79	0.04488756405278897	0.964053919121318
80	0.04384241317407773	0.9591612581128307
81	0.043889694701368435	0.963155267099351
82	0.04146421450776414	0.962156764852721
83	0.04331039696836624	0.964952571143285
84	0.03700028136134528	0.9673489765351972
85	0.03911078395173192	0.964553170244633
86	0.039177288262607954	0.9654518222666001
87	0.03564215163453319	0.9666500249625561
88	0.035785726845835725	0.9686470294558163
89	0.04016680610827364	0.9676485272091863
90	0.042175076640071196	0.9629555666500249
91	0.03611866887004231	0.9676485272091863
92	0.03744648515987701	0.9667498751872192
93	0.0372771820702111	0.9680479281078382
94	0.03826828124805	0.9669495756365452
95	0.03500946946799184	0.9693459810284573
96	0.03950966356661373	0.9655516724912631
97	0.03538427870875349	0.9704443334997503
98	0.03596747340485692	0.9695456814777833
99	0.03390858805598542	0.9710434348477284
100	0.037598265626560004	0.9698452321517723
101	0.03557354192764234	0.9685471792311533
102	0.0349880437881421	0.9730404393409885
103	0.037178648927341254	0.9690464303544682
104	0.03746288957687232	0.9699450823764354
105	0.03503709555433962	0.9703444832750874
106	0.034558750189150486	0.9708437343984024
107	0.03703685309559392	0.9687468796804792
108	0.03598148297197141	0.9696455317024464
109	0.03332742867759241	0.9716425361957064
110	0.031078643311326877	0.9734398402396406
111	0.028665042913759858	0.9748377433849226
112	0.03336965542631789	0.9724413379930105
113	0.03125270563192642	0.9733399900149775
114	0.02877469413196698	0.9749375936095857
115	0.03314285156445	0.9722416375436844
116	0.03381444547123041	0.9707438841737394
117	0.031224567669268233	0.9721417873190215
118	0.032512180340556675	0.9710434348477284
119	0.031284030633993425	0.9734398402396406
120	0.030243654220629804	0.9740389415876186
121	0.03242612113587011	0.9711432850723914
122	0.02873060573785069	0.9759360958562157
123	0.03314509407019082	0.9719420868696954
124	0.03334506403523893	0.9729405891163255
125	0.03184972708217633	0.9735396904643036
126	0.031082540274428104	0.9748377433849226
127	0.029108062719765564	0.9745381927109336
128	0.030577577341097992	0.9741387918122816
129	0.02657488131294616	0.9767348976535197
130	0.02710126992612601	0.9767348976535197
131	0.028638663002477287	0.9755366949575637
132	0.031185744288630378	0.9752371442835747
133	0.026636611158474564	0.9740389415876186
134	0.030509708026727547	0.9753369945082376
135	0.030033248681991625	0.9749375936095857
136	0.027600705814056884	0.9754368447329006
137	0.027852158957776933	0.9769345981028458
138	0.025946891345916847	0.9766350474288568
139	0.028116713697537064	0.9749375936095857
140	0.02629695380457674	0.9761357963055417
141	0.03191190786635914	0.9728407388916626
142	0.02770659108512318	0.9745381927109336
143	0.024361694201874656	0.9776335496754868
144	0.027053540507063698	0.9761357963055417
145	0.02597783853451665	0.9778332501248128
146	0.027268114181372306	0.9775336994508238
147	0.027350453142160044	0.9760359460808787
148	0.023436911951619597	0.9790314528207689
149	0.02501677705076175	0.9767348976535197
150	0.027710488048224402	0.9767348976535197
151	0.026206443104119348	0.9766350474288568
152	0.02589591699667251	0.9757363954068896
153	0.027585635931727984	0.9775336994508238
154	0.02883447701938617	0.9743384922616076
155	0.02677609135929388	0.9796305541687469
156	0.027348862669338433	0.9763354967548677
157	0.030052568965826552	0.9737393909136296
158	0.02339057495799689	0.981328007988018
159	0.02608993030584658	0.9777333999001497
160	0.025971071407817806	0.9795307039440839
161	0.026826946880109014	0.9779331003494758
162	0.026062806955160805	0.9765351972041937
163	0.025517648020491432	0.9770344483275087
164	0.023285448360747803	0.9793310034947579
165	0.02602221028873334	0.9790314528207689
166	0.027138152442420252	0.9770344483275087
167	0.025087467778605013	0.9778332501248128
168	0.024032093084658295	0.9773339990014978
169	0.025917653458567853	0.9774338492261607
170	0.02549448409400428	0.9786320519221168
171	0.024384583908909806	0.9777333999001497
172	0.02684801912155395	0.9761357963055417
173	0.027699156691091128	0.9773339990014978
174	0.027280688666687987	0.9778332501248128
175	0.027101733052311613	0.9781328007988018
176	0.026634795216325755	0.9759360958562157
177	0.023930057550009827	0.9788317523714428
178	0.027579030289817542	0.9766350474288568
179	0.02671060775415585	0.9784323514727908
180	0.024110949458405615	0.9791313030454318
181	0.026396854997823793	0.9769345981028458
182	0.02528223976159629	0.9768347478781827
183	0.025439826063454723	0.9766350474288568
184	0.025347025630573113	0.9779331003494758
185	0.023381487630045834	0.9793310034947579
186	0.026394039678116574	0.9772341487768348
187	0.021264019865578358	0.981627558662007
188	0.027530923057288027	0.9776335496754868
189	0.024702643434079692	0.9787319021467799
190	0.0234376401566088	0.9795307039440839
191	0.023113060302246875	0.9808287568647029
192	0.024237873455206047	0.9773339990014978
193	0.024747658080567187	0.9798302546180729
194	0.023801869096847388	0.9788317523714428
195	0.02341299849196364	0.9791313030454318
196	0.026565862539858102	0.9785322016974538
197	0.02546408839119128	0.9794308537194208
198	0.02524244747222803	0.9798302546180729
199	0.022906749774091923	0.9806290564153769
0	0.7589815767428365	0.7337993010484274
1	0.5742632588639427	0.7951073389915128
2	0.49727559927553416	0.817573639540689
3	0.46798082053090057	0.8291562656015976
4	0.4366577928439497	0.8394408387418871
5	0.4074549568346895	0.8517224163754369
6	0.3888845961695662	0.8602096854717923
7	0.36295547729102184	0.8670993509735397
8	0.35257755072352986	0.8697953070394409
9	0.33611131856997556	0.8778831752371443
10	0.3301556133233701	0.8792810783824263
11	0.3128486608925719	0.8849725411882177
12	0.3009515341859275	0.890164752870694
13	0.29095305421481876	0.8935596605092362
14	0.27300464764189797	0.8981527708437343
15	0.2628958705134285	0.9033449825262106
16	0.2536529443515375	0.9044433349975037
17	0.25426987718088556	0.909136295556665
18	0.24620845904365515	0.909435846230654
19	0.23748296670639477	0.9164253619570644
20	0.23724713797767322	0.9143285072391413
21	0.23347070956001648	0.9152271592611083
22	0.21328262475351936	0.9215177234148777
0	0.7744877239385732	0.728407388916625
0	0.7699208122472794	0.728107838242636
0	0.7550240903616713	0.7346979530703944
1	0.5755982810315995	0.7935097353969046
2	0.5064437914961062	0.8142785821268098
0	0.7735175964550469	0.7257114328507239
0	0.7707242630541135	0.7315027458811783
1	0.5719962318103534	0.7917124313529705
2	0.5061445144799571	0.8115826260609086
3	0.4740868711623902	0.8272591113330005
4	0.43216629759572184	0.8409385921118323
5	0.4079243474113294	0.8483275087368947
6	0.3928637276061427	0.854018971542686
7	0.36369518730967954	0.8650024962556165
8	0.35726099958815893	0.8702945581627559
9	0.3456728755475614	0.8716924613080379
10	0.31397118126622403	0.8854717923115327
11	0.3161606224961936	0.8835746380429356
12	0.2988722926130691	0.889465801298053
0	0.7658109329759885	0.7312031952071892
1	0.5810484962341503	0.7866200698951573
2	0.5197947444245458	0.8133799301048428
3	0.47287557681147663	0.8255616575137295
4	0.43553512621992313	0.8426360459311033
5	0.40559889333316695	0.8478282576135796
6	0.3839094753082568	0.8601098352471293
7	0.3644834524526383	0.8642036944583126
8	0.3588017960325978	0.8685971043434848
9	0.33041988774991266	0.8787818272591114
10	0.323917352353422	0.8812780828756864
11	0.309722169138753	0.8886669995007489
12	0.29725863910711614	0.890763854218672
13	0.2759741396187974	0.8996505242136795
14	0.28000545806397265	0.8954568147778332
15	0.27040231722993213	0.9010484273589615
16	0.2607308287209215	0.9028457314028957
17	0.2377915306213184	0.9118322516225662
18	0.23670152658090804	0.9158262606090863
19	0.23244773694120657	0.9152271592611083
20	0.233950069537178	0.9154268597104344
21	0.20706315695668182	0.9253120319520719
22	0.22499710911759935	0.9181228157763355
23	0.21184588545046676	0.9234148776834747
24	0.19843607893386206	0.9291063404892661
25	0.19887208786254493	0.9318022965551672
26	0.19768936108476437	0.9269096355466799
27	0.18567692814543604	0.9327009485771343
28	0.18315697325685154	0.9341987019470794
29	0.18475307671787639	0.9332001997004493
30	0.16624222776760308	0.9403894158761857
31	0.17077026123436875	0.9379930104842736
32	0.1675447214144868	0.9401897154268597
33	0.1661818994881627	0.9401897154268597
34	0.15943344408711688	0.9441837244133799
35	0.15965457465321112	0.9427858212680978
36	0.14881148658240564	0.9493759360958562
37	0.15259850596467528	0.945282076884673
38	0.14218433367939423	0.9503744383424862
39	0.1449711711261981	0.9467798302546181
40	0.13819356315052167	0.9518721917124313
41	0.1432061119201465	0.9494757863205192
42	0.1445001474203774	0.9483774338492261
43	0.13695133684542232	0.9514727908137793
44	0.13503114255472495	0.9515726410384423
45	0.13409326327875398	0.9529705441837244
46	0.13634698154827277	0.9493759360958562
47	0.12451895814353285	0.9554667998002996
48	0.12322430107921076	0.9558662006989516
49	0.13266946713383587	0.9538691962056914
50	0.12429346444126897	0.9542685971043435
51	0.11550564506945138	0.9598602096854718
52	0.11669134560484475	0.9597603594608087
53	0.11525403348782573	0.9596605092361458
54	0.11717286277502871	0.9596605092361458
55	0.11955375793262031	0.9597603594608087
56	0.10470192272442218	0.963554667998003
57	0.10788425774619984	0.9638542186719921
58	0.11316726002068565	0.9593609585621568
59	0.10507570211879742	0.9638542186719921
60	0.10726387584552216	0.96245631552671
61	0.10741114997254393	0.9613579630554169
62	0.10040684172901483	0.965252121817274
63	0.09626158814841566	0.9658512231652521
64	0.10513614008601863	0.9628557164253619
65	0.09248631754622291	0.9697453819271094
66	0.09559814770000812	0.9667498751872192
67	0.09396071022691818	0.9658512231652521
68	0.09219123304080658	0.9693459810284573
69	0.09583741331252808	0.9667498751872192
70	0.09497238500430562	0.9655516724912631
0	0.8033336602841703	0.7184223664503245
1	0.615854232836836	0.7759360958562157
2	0.5245872229432907	0.8079880179730404
3	0.4896145659132887	0.8226660009985023
4	0.4600332339350789	0.8301547678482276
5	0.4334717771877496	0.8379430853719421
6	0.42144092888877793	0.8444333499750375
7	0.39497694801598693	0.854717923115327
8	0.37008567054431657	0.8628057913130305
9	0.36814010181366064	0.8652021967049426
10	0.346463870697509	0.873689465801298
11	0.3293981095091603	0.8817773339990015
12	0.322752809372192	0.8807788317523715
13	0.30006784067367215	0.8890664003994009
14	0.2904354741398138	0.8921617573639541
15	0.2922880032572883	0.8952571143285072
16	0.27054028008311704	0.9000499251123315
17	0.2747184095291284	0.8999500748876685
18	0.2632110888203874	0.909036445332002
19	0.25249605513990114	0.9076385421867199
20	0.2395020018751248	0.9104343484772841
21	0.24077830451745957	0.9104343484772841
22	0.23335675614329573	0.9175237144283575
23	0.22597771787795776	0.9197204193709436
24	0.2201073497248153	0.9221168247628557
25	0.21437847880890576	0.9239141288067898
26	0.21495965342171275	0.9190214677983025
27	0.201934205076565	0.92790813779331
28	0.19922953596511206	0.9296055916125812
29	0.19666631534076728	0.927408886669995
30	0.1815044902764951	0.9345981028457314
31	0.18546687604520268	0.9334997503744383
32	0.18585507328898762	0.9315027458811782
33	0.1844034164477461	0.9330004992511233
34	0.1720263935125674	0.9407888167748377
35	0.17910069474777857	0.9356964553170245
36	0.16633017299274286	0.9410883674488267
37	0.157684508984843	0.9430853719420869
38	0.16011533645776133	0.9404892661008487
39	0.16558163920149635	0.9389915127309036
40	0.16100630592614318	0.9412880678981528
41	0.15274615790516424	0.9436844732900649
42	0.15351372862014526	0.944682975536695
43	0.13738478639255317	0.9507738392411383
44	0.14212410290020341	0.9494757863205192
45	0.14125597286529054	0.9501747378931603
46	0.13671129123090556	0.9520718921617574
47	0.12817633875642723	0.9526709935097354
48	0.13871058259909144	0.9506739890164753
49	0.13263903486842926	0.9516724912631054
50	0.13138426759372504	0.9541687468796805
51	0.13000990407535443	0.9551672491263106
52	0.1235659053912178	0.9566650024962556
53	0.12898356769793332	0.9544682975536695
54	0.11477101725130416	0.9597603594608087
55	0.12501018877608328	0.9555666500249625
56	0.11724525671035718	0.9597603594608087
57	0.11914875408331045	0.9583624563155267
58	0.110688413674839	0.9603594608087869
59	0.11374669181653105	0.9586620069895158
60	0.11716068743135982	0.9576635047428856
61	0.1175073983189397	0.9585621567648527
62	0.10703437244549346	0.962156764852721
63	0.10993365205514927	0.9629555666500249
64	0.10538257196688423	0.9641537693459811
65	0.09546426157600964	0.9685471792311533
66	0.09833106141501723	0.9663504742885671
67	0.10268533724946335	0.9628557164253619
68	0.10684139507647139	0.963055416874688
69	0.10264430183191268	0.9641537693459811
70	0.10473196498883038	0.963554667998003
71	0.09762833445978622	0.9666500249625561
72	0.09832360873968837	0.9673489765351972
73	0.09699180408026845	0.9678482276585122
74	0.09891620306922985	0.9658512231652521
75	0.0903302396829136	0.9689465801298053
76	0.0917817076174215	0.9668497254118822
77	0.08223421505084053	0.9696455317024464
78	0.08809212754709653	0.9688467299051423
79	0.0914775982451515	0.9699450823764354
80	0.08591895057751348	0.9693459810284573
81	0.08286730245279428	0.9711432850723914
82	0.08891661403278192	0.9700449326010984
83	0.08610420105175469	0.9673489765351972
84	0.08925568333829935	0.9696455317024464
85	0.08523897164926743	0.9696455317024464
86	0.07959753408218725	0.9721417873190215
87	0.07321566743210862	0.9736395406889665
88	0.07707970591779716	0.9732401397903145
89	0.07511078587736185	0.9735396904643036
90	0.08174469067265812	0.9723414877683475
91	0.08214680607707356	0.9710434348477284
92	0.08118043844692242	0.9709435846230654
93	0.07479333725219336	0.9733399900149775
94	0.07486818697505866	0.9741387918122816
95	0.07576538427188374	0.9728407388916626
96	0.07937240600585938	0.9719420868696954
97	0.07086658173094923	0.9765351972041937
98	0.07106946146907137	0.9758362456315527
99	0.08093872923439684	0.9712431352970544
100	0.08196190904123715	0.9722416375436844
101	0.0829161257027818	0.9697453819271094
102	0.07489293985092602	0.9739390913629555
103	0.07054409356162952	0.9746380429355966
104	0.06632051071800744	0.9766350474288568
105	0.07158293434606193	0.9753369945082376
106	0.06610913017687325	0.9774338492261607
0	0.4647096871567991	0.7212181727408886
1	0.3224493154702476	0.779930104842736
2	0.2823951891816843	0.7899151273090365
3	0.25924117115739814	0.8064902646030954
4	0.2315990460185578	0.8250624063904144
5	0.21596722100108576	0.8321517723414877
6	0.20929576642216205	0.8382426360459311
7	0.1913159038312138	0.8456315526709935
8	0.18655847665220024	0.8504243634548178
9	0.1815041246505591	0.854618072890664
10	0.17059576016264602	0.855616575137294
11	0.16634396927806136	0.8585122316525212
12	0.15490428936748077	0.8675986020968547
13	0.15453360560603036	0.8691962056914628
14	0.1454908596441007	0.8747878182725911
15	0.1443927265203799	0.8766849725411883
16	0.13300862175207168	0.8840738891662506
17	0.13022278368282622	0.8844732900649026
18	0.1297895656987882	0.8842735896155767
19	0.12212033012804513	0.8930604093859211
20	0.12130193740795976	0.8958562156764853
21	0.11904206443518496	0.8984523215177234
22	0.11644386559629592	0.8959560659011483
23	0.11139604611137804	0.9018472291562656
24	0.10802252528766473	0.9039440838741887
25	0.10346755737694688	0.90863704443335
26	0.0987411779336655	0.90963554667998
27	0.10164829412588296	0.9125312031952072
28	0.09547014205981368	0.9136295556665003
29	0.0957185178519057	0.9133300049925113
30	0.09139290099707656	0.9202196704942586
31	0.090545989453983	0.9200199700449326
32	0.09290375267735686	0.9201198202695956
33	0.08821934099776295	0.9170244633050424
34	0.08289892300249288	0.9249126310534199
35	0.08337605266144481	0.9213180229655517
36	0.08674062174349166	0.9226160758861708
37	0.08211990819571498	0.927408886669995
38	0.08173754268560927	0.9289066400399401
39	0.0773317806256084	0.9346979530703944
40	0.07294286782749164	0.9337993010484273
41	0.07529068602540623	0.9307039440838741
42	0.07143964554174259	0.9371942086869696
43	0.07650355256784458	0.9326010983524713
44	0.06840326229985148	0.9370943584623065
45	0.07197302065718288	0.9366949575636545
46	0.07146818873981317	0.9335996005991013
47	0.06650215368301343	0.9384922616075886
48	0.06539698835379018	0.9398901647528707
49	0.06438468591854594	0.9401897154268597
50	0.06688201465545751	0.9379930104842736
51	0.06442450867674221	0.9422865701447828
52	0.06610707657786603	0.9412880678981528
53	0.059555797150340706	0.9461807289066401
54	0.05839072401150347	0.946380429355966
55	0.062486429184008714	0.94518222666001
56	0.058075901799308605	0.9499750374438343
57	0.06317846767437725	0.9428856714927608
58	0.05953476756525497	0.9490763854218672
59	0.05392629117630541	0.9507738392411383
60	0.05477393397127096	0.9494757863205192
61	0.05792662891717003	0.9492760858711932
62	0.05614525060684156	0.9480778831752371
63	0.05485789387370832	0.9498751872191712
64	0.05373204021027294	0.9538691962056914
65	0.053778163922099644	0.9519720419370944
66	0.054600048369873824	0.9547678482276585
67	0.05114418249160718	0.9522715926110834
68	0.05184445365930137	0.9556665002496255
69	0.048896033923846845	0.9593609585621568
70	0.05227293069370258	0.9547678482276585
71	0.047762800710269816	0.9567648527209186
72	0.043831103145124055	0.9600599101347979
73	0.047734754154095636	0.9578632051922117
74	0.044449492384450506	0.9586620069895158
75	0.048667283103869745	0.9574638042935597
76	0.047430928141926045	0.9567648527209186
77	0.043727704130422575	0.9602596105841238
78	0.04580542530876379	0.9571642536195707
79	0.04701490067064572	0.9551672491263106
80	0.04284057982813436	0.9611582626060908
81	0.04363447561050756	0.9610584123814279
82	0.042256663020807335	0.9598602096854718
83	0.04670573651981049	0.9595606590114828
84	0.043117955850716976	0.9600599101347979
85	0.03833920963275166	0.964653020469296
86	0.03991798851817561	0.9638542186719921
87	0.04227262259291384	0.9641537693459811
88	0.04024942842916178	0.965252121817274
89	0.042538042647389175	0.9617573639540689
90	0.04104205670829017	0.9650524213679481
91	0.04328199088002165	0.9626560159760359
92	0.043353351922080924	0.9614578132800798
93	0.039546847724305174	0.9668497254118822
94	0.04000568694580858	0.9641537693459811
95	0.03854713196190782	0.9685471792311533
96	0.03841677412819177	0.9656515227159261
97	0.03274251249270698	0.9707438841737394
98	0.03785617816181609	0.9676485272091863
99	0.03880773489467633	0.9673489765351972
100	0.03822219105193409	0.9674488267598602
101	0.03637143826713196	0.9677483774338492
102	0.034101693394085086	0.9679480778831753
103	0.03725705131555137	0.9685471792311533
104	0.036084559017096084	0.9688467299051423
105	0.03902332927472294	0.9669495756365452
106	0.039415850045201116	0.9670494258612082
107	0.03542234950933974	0.9692461308037943
108	0.035167301043915675	0.9688467299051423
109	0.03371286544556054	0.9697453819271094
110	0.03801165449733551	0.9679480778831753
111	0.03517701145939934	0.9681477783325012
112	0.03360293086725302	0.9706440339490764
113	0.032229076178310015	0.9701447828257613
114	0.03214873901952189	0.9729405891163255
115	0.034600675296478756	0.9691462805791313
116	0.03338338468021478	0.9705441837244134
117	0.03244328422668262	0.9706440339490764
118	0.03107572439760446	0.9707438841737394
119	0.034760670159190606	0.9692461308037943
120	0.030110474973440934	0.9724413379930105
121	0.028156231767453323	0.9747378931602596
122	0.03474585316813411	0.9710434348477284
123	0.032360707609036476	0.9713429855217174
124	0.026713030025981868	0.9736395406889665
125	0.030448115290925146	0.9728407388916626
126	0.03183895635147826	0.9734398402396406
127	0.030230068170224517	0.9733399900149775
128	0.03074522597340349	0.9717423864203695
129	0.029714179115173534	0.9740389415876186
130	0.03397827940627028	0.9702446330504244
131	0.029178268993243623	0.9744383424862706
132	0.029754903750678602	0.9745381927109336
133	0.033838969830887765	0.9705441837244134
134	0.03035116348022851	0.9739390913629555
135	0.028556068103534345	0.9743384922616076
136	0.027400744989657173	0.9759360958562157
137	0.029514221337656625	0.9760359460808787
138	0.030458109066509212	0.9737393909136296
139	0.028036294272913338	0.9748377433849226
140	0.026132400805196063	0.9775336994508238
141	0.028604790806389464	0.9752371442835747
142	0.02800588333568634	0.9769345981028458
143	0.029280452301707893	0.9726410384423365
144	0.03002639624257438	0.9719420868696954
145	0.0264739837890235	0.9759360958562157
146	0.03079552696154902	0.9730404393409885
147	0.025924286522423498	0.9754368447329006
148	0.02805902097171869	0.9762356465302047
149	0.030458925631099615	0.9750374438342486
150	0.027404224529814798	0.9761357963055417
151	0.029283767310194313	0.9740389415876186
152	0.026589000567841452	0.9780329505741387
153	0.026234477472762332	0.9777333999001497
154	0.02684757732354795	0.9756365451822266
155	0.027962160567506052	0.9753369945082376
156	0.02991194009019163	0.9728407388916626
157	0.02915634362461468	0.9759360958562157
158	0.02675909584703537	0.9758362456315527
159	0.023195967506676816	0.9790314528207689
160	0.025361457190955408	0.9786320519221168
161	0.02757414918357191	0.9757363954068896
162	0.02344812143344087	0.9775336994508238
163	0.02393481068717786	0.9786320519221168
164	0.024364573506120677	0.9792311532700949
165	0.025475564475257558	0.9762356465302047
166	0.023968114639623478	0.9790314528207689
167	0.027465546093047997	0.9780329505741387
168	0.024031972732787697	0.9771342985521717
169	0.024905868993399624	0.9793310034947579
170	0.023796899631000554	0.9793310034947579
171	0.023050778970931666	0.9806290564153769
172	0.02494944094088131	0.9768347478781827
173	0.027589246487846008	0.9745381927109336
174	0.02666275036601594	0.9769345981028458
175	0.02623887412464276	0.9780329505741387
176	0.02399297415638884	0.9797304043934099
177	0.02457266493727224	0.9779331003494758
178	0.024309373130432715	0.9784323514727908
179	0.026030314996981392	0.9762356465302047
180	0.024438082600553957	0.9772341487768348
181	0.026257795266830884	0.9770344483275087
182	0.028721038525858625	0.9744383424862706
183	0.020784272934301212	0.981627558662007
184	0.02602660084684817	0.9758362456315527
185	0.024630025552865416	0.9778332501248128
186	0.026025872641858964	0.9776335496754868
187	0.024780191171664398	0.9779331003494758
188	0.023832392768737987	0.9789316025961058
189	0.025730428604272226	0.9770344483275087
190	0.02817676775752546	0.9769345981028458
191	0.026313190643018045	0.9773339990014978
192	0.026639734213344587	0.9785322016974538
193	0.024502822766288783	0.9797304043934099
194	0.021470860551340513	0.980429355966051
195	0.025434262455461886	0.9789316025961058
196	0.02863766667180168	0.9747378931602596
197	0.023776544930455022	0.9786320519221168
198	0.025637154381115215	0.9776335496754868
199	0.025289349662610136	0.9779331003494758
0	0.23566981724330358	0.8495947293138573
1	0.14688102944383344	0.8936326990594252
2	0.12966098864763023	0.9023882796584457
3	0.11761714813613362	0.9104936933813012
4	0.10456986764598322	0.9177322179359368
5	0.10128893171037946	0.9198994408564865
6	0.09673353769246815	0.9211564301504053
7	0.08928521694654235	0.927614754453643
8	0.08678864308435279	0.9291318104980278
9	0.0854301875904099	0.9291318104980278
10	0.07741635517009253	0.9375839798881713
11	0.07536645008356992	0.9355034458844437
12	0.07407826226561146	0.9362836461358416
13	0.07251646383129443	0.9387976247236791
14	0.0673058995261437	0.9429153482727234
15	0.06412553721095918	0.944649126609163
16	0.06146761911421311	0.9462095271119587
17	0.061705252003239855	0.9462528715703697
18	0.05912054329077182	0.9488535390750292
19	0.05757572316925007	0.9494170170343722
20	0.0554841791541831	0.950153872827359
21	0.054700695360583175	0.950067183910537
22	0.05172083480348203	0.9526245069567856
23	0.05025051503174844	0.9553118633782671
24	0.04896968677536624	0.9562220970048979
25	0.04758551778806562	0.9565688526721858
26	0.04620591479763079	0.9578691864245156
27	0.048283358718089024	0.9572623640067618
28	0.04384809856441249	0.9585626977590915
29	0.04412188377856547	0.9598196870530102
30	0.04089927408797731	0.9622036322656149
31	0.04108913596228654	0.9625937323913137
32	0.04094312458858411	0.961293398638984
33	0.04191608137958754	0.9629404880586017
34	0.03762195444305462	0.9639807550604655
35	0.038988758886075385	0.9650210220623293
36	0.039526475120682	0.9644575441029865
37	0.03641889098613173	0.9677950674006328
38	0.037599150912936946	0.9651943998959733
39	0.03623356071821363	0.9674916561917559
40	0.03609462320060571	0.966711455940358
41	0.03443095753493818	0.9677950674006328
42	0.0353948458223171	0.9681418230679207
43	0.03289149174577816	0.9696588791123055
44	0.0358410093225487	0.9673616228165229
45	0.031281379985412514	0.9716960686576221
46	0.03034247240973908	0.9728230245763079
47	0.032795539676068394	0.9714360019071562
48	0.028543411445353134	0.9732998136188288
49	0.02964054430407393	0.972129513241732
50	0.030271786757216538	0.9739933249534047
51	0.031676198506983576	0.9713926574487451
52	0.02920044675448731	0.9734298469940618
53	0.02650703504247573	0.9752503142473234
54	0.027451265205457372	0.9753803476225564
55	0.026760508713212984	0.9750335919552685
56	0.027878979538746913	0.9751202808720905
57	0.026822168188849038	0.9752069697889125
58	0.02625093446855902	0.9763339257075982
59	0.02599470955984933	0.9755103809977894
60	0.026920686317052325	0.9735598803692948
61	0.029468060201150205	0.9748602141216246
62	0.02531904519513642	0.9771574704174071
63	0.026669622624962076	0.9758137922066664
64	0.025008165885935876	0.9765073035412423
65	0.02446379906261513	0.977894326210394
66	0.023531264306437455	0.9775042260846951
67	0.025520546922405945	0.9775909150015171
68	0.022488687967625803	0.9787612153786138
69	0.023418989988372	0.9788045598370249
70	0.02331944808219243	0.9782410818776819
71	0.019917449739538184	0.9825755277187812
72	0.022005755759145283	0.9804516492566425
73	0.023113756007857197	0.9786311820033808
74	0.021294113667100545	0.9804516492566425
75	0.021241522695089016	0.9808417493823415
76	0.022734601024781118	0.9798448268388886
77	0.020989468292786577	0.9803649603398206
78	0.020267550062372682	0.9806250270902865
79	0.020193909474450905	0.9817519830089723
80	0.02038952249429097	0.9810151272159854
81	0.02294766853321938	0.9789779376706688
82	0.02266189691593842	0.9797147934636556
83	0.02069749448567257	0.9802782714229986
84	0.02077804888171065	0.9807984049239304
85	0.02021801058363154	0.9817519830089723
86	0.02067233256261987	0.9819253608426163
87	0.020679123358653753	0.9815352607169173
88	0.018989843402920748	0.9835724502622339
89	0.01743466910310658	0.983659139179056
90	0.018903732299804688	0.983355727970179
91	0.018590122916000727	0.983615794720645
92	0.018340987735912306	0.983529105803823
93	0.01597975758672918	0.9844393394304538
94	0.0175954882215693	0.983615794720645
95	0.018139372255534306	0.9845693728056868
96	0.019740452548171215	0.9828789389276581
97	0.019012813594569446	0.983355727970179
98	0.017796564036037323	0.983269039053357
99	0.016001252956099384	0.9856963287243726
100	0.015494664069187624	0.9859563954748385
101	0.01752496790786722	0.98296562784448
102	0.017051165047697155	0.9847860950977417
103	0.01685228096463313	0.9851328507650297
104	0.01696506584897617	0.9839192059295219
105	0.017188717687344916	0.9846127172640978
106	0.015984797113976764	0.9848727840145637
107	0.01687278694650171	0.9846127172640978
108	0.01456919523284108	0.9863898400589485
109	0.016646908986254306	0.9862164622253045
110	0.01680006035157943	0.9856963287243726
111	0.015430827411963772	0.9872133847687573
112	0.014962382852287133	0.9859997399332495
113	0.015506339635333141	0.9871700403103463
114	0.014927202719425195	0.9868232846430584
115	0.016078390790751507	0.9861297733084825
116	0.015815562910907972	0.9856096398075506
117	0.014146934435205552	0.9876901738112782
118	0.01346907437095695	0.9877768627281002
119	0.014438645022917388	0.9869099735598804
120	0.015520849770216604	0.9861297733084825
121	0.0145288684331759	0.9872133847687573
122	0.01535839974962888	0.9859997399332495
123	0.014616659378707823	0.9874301070608122
124	0.014458221139259708	0.9867365957262364
125	0.01375171116420201	0.9881236183953882
126	0.014390339633132151	0.9873867626024013
127	0.014349448036056285	0.9858263620996056
128	0.0143308427892677	0.9876468293528672
129	0.014436239012402072	0.9870833513935243
130	0.015119471926960304	0.9872567292271683
131	0.013924861913249827	0.9882536517706211
132	0.014070476473783157	0.9879502405617442
133	0.013514759471115557	0.9881669628537991
134	0.015029166508646845	0.9869533180182913
135	0.013850312623170808	0.9875601404360452
136	0.013215904923649336	0.9877335182696892
137	0.01526203234880212	0.9875601404360452
138	0.012858241341811774	0.98864375189632
139	0.014332587444501181	0.9874734515192233
140	0.013248210806456419	0.9868666291014694
141	0.012744091420167032	0.9884703740626761
142	0.01334101085689296	0.988513718521087
143	0.011787795491423588	0.9894239521477179
144	0.014090711299986184	0.9872567292271683
145	0.012191345225425435	0.988730440813142
146	0.012185646988317143	0.9894239521477179
147	0.013048403471418954	0.989163885397252
148	0.012406525102633875	0.9883403406874431
149	0.012049767577532426	0.988817129729964
150	0.011910520545652604	0.9893806076893069
151	0.013332853700846806	0.9881669628537991
152	0.012372378006722163	0.989293918772485
153	0.011958972756310408	0.988990507563608
154	0.010704994201660156	0.9900741190238828
155	0.013515431408081901	0.9894672966061289
156	0.01180366801818763	0.9899440856486498
157	0.012215886797223772	0.98864375189632
158	0.012053545238902268	0.9897707078150059
159	0.012112761668127222	0.9895973299813619
160	0.010979872636094007	0.9902474968575268
161	0.011086694079860735	0.9898140522734168
162	0.012797300098011794	0.9885570629794981
163	0.011591451012641812	0.9895106410645399
164	0.01158755430732124	0.989033852022019
165	0.011666676207818865	0.9899440856486498
166	0.012638290447600176	0.988990507563608
167	0.012573427366978914	0.988730440813142
168	0.012230465713056545	0.9894672966061289
169	0.013257596760616223	0.9882969962290321
170	0.012021621619448086	0.9894239521477179
171	0.012466109245395528	0.98907719648043
172	0.011311741377874154	0.9904208746911707
173	0.012196772306868173	0.9896840188981839
174	0.011470424318776547	0.9902474968575268
175	0.011398900067756642	0.9903775302327598
176	0.011177958463332855	0.9901174634822938
177	0.012132504446000563	0.9883836851458541
178	0.011131512804600138	0.9905509080664037
179	0.011305861929418641	0.9901174634822938
180	0.012250626467468008	0.988817129729964
181	0.013131750109456945	0.988860474188375
182	0.01130500084484169	0.9901174634822938
183	0.010605681785763385	0.9903775302327598
184	0.012480754296756486	0.9899007411902389
185	0.011346094816633798	0.9901608079407048
186	0.011707672299029262	0.989163885397252
187	0.013137679820913878	0.988903818646786
188	0.011087875921749374	0.9901608079407048
189	0.013453200521482344	0.988947163105197
190	0.01086906917217535	0.9902474968575268
191	0.01290626896237864	0.9886870963547311
192	0.011690846097948812	0.9893372632308959
193	0.011802477578680326	0.9900741190238828
194	0.009957828733362206	0.9912877638593905
195	0.011892387506535249	0.9894672966061289
196	0.011890115089786863	0.9898573967318278
197	0.012078318285049247	0.989163885397252
198	0.012145818850534468	0.9894672966061289
199	0.011277096942790504	0.9895539855229509
0	0.2668553112945345	0.8257552771878115
1	0.20058772368834518	0.8642451562567726
2	0.18372561895235567	0.8728707034805601
3	0.1714922922163499	0.8794157167006198
4	0.16360910656382738	0.8808894282865936
5	0.14958889309146367	0.8902951757617789
6	0.14555669988243325	0.8904685535954229
7	0.14242234144065316	0.8947163105197
8	0.1368947445767597	0.8970135668154826
9	0.13385233039168148	0.8973603224827705
10	0.12558811944334583	0.9039053357028304
11	0.12950770236582762	0.9017814572406918
12	0.1218639273253294	0.905682458497681
13	0.11987897261832524	0.906245936457024
14	0.12156461379729759	0.9075896146677648
15	0.11025682467858768	0.9109271379654111
16	0.11151197118666566	0.911490615924754
0	0.4850605238492545	0.8323002904078713
1	0.3827801623721394	0.8651987343418144
2	0.3427978811912166	0.8755147154436306
3	0.32945615474790874	0.8802826058688397
0	0.40427850519569175	0.8607775995838932
1	0.27235545926881066	0.9002210567378961
2	0.24353020994739294	0.911533960383165
3	0.22448635233589415	0.9185557626457458
4	0.21005331560576673	0.9241471977807637
5	0.19871772840185073	0.9274847210784102
6	0.1857744023803203	0.9322526115036193
7	0.1772955842884503	0.9344631788825799
8	0.17249106567213507	0.9376706688049933
9	0.16029241511626646	0.9421351480213255
10	0.15407701934094897	0.9432187594816003
11	0.15104422390708977	0.9451259156516839
12	0.14215772525612755	0.9495903948680161
13	0.138229380698872	0.950457284036236
14	0.13628417079888502	0.9500238394521261
15	0.13084136497296506	0.9535780850418274
16	0.12684091681746273	0.9547917298773352
17	0.12473560603084909	0.956048719171254
18	0.12256039263636659	0.9549651077109792
19	0.11374821973739814	0.9588227645095575
20	0.1052287891403812	0.9610766763469291
21	0.10992758614676339	0.9585193533006805
22	0.10419114915739316	0.9624203545576698
23	0.10318712718609137	0.9624203545576698
24	0.09911875519772344	0.9643708551861645
25	0.0972761453107392	0.9643275107277535
26	0.09679613893802552	0.9648042997702744
27	0.09304077317744452	0.9665380781067141
28	0.08978665123038748	0.9675350006501668
29	0.08702522309577085	0.9685752676520307
30	0.08850938371084269	0.9674483117333449
31	0.08547313335699115	0.9700489792380044
32	0.08285480134199462	0.9713059685319232
33	0.08298517827683448	0.9712192796151012
34	0.08352570659409946	0.9707424905725803
35	0.07419061330088961	0.9747301807463916
36	0.08059778094457026	0.9716960686576221
37	0.07726097371475707	0.972346235533787
38	0.07563237310613244	0.9739066360365827
39	0.07172150949168635	0.9744701139959256
40	0.07434164039304948	0.9733865025356508
41	0.06902369844434	0.9752069697889125
42	0.06876191286042065	0.9748168696632136
43	0.06805489760992761	0.9752936587057345
44	0.06396421943061395	0.9768974036669412
45	0.06975344315315914	0.9766806813748862
46	0.06579040654323964	0.9757704477482554
47	0.06519429263724699	0.9771141259589962
48	0.06230590016104477	0.9773308482510511
49	0.06007993700765538	0.9784578041697369
50	0.0592282912932884	0.9791079710459017
51	0.059929936338892924	0.9787612153786138
52	0.057461440976548955	0.9789345932122578
53	0.05707393968981612	0.9793680377963677
54	0.055044742959878316	0.9809284382991634
55	0.0552061824295954	0.9803649603398206
56	0.05719059747068958	0.9795414156300117
57	0.05591004433810463	0.9801915825061766
58	0.05084255498920499	0.9818386719257943
59	0.053871763232015535	0.9810584716743964
60	0.05381712470405145	0.9810584716743964
61	0.05294394526170791	0.9809284382991634
62	0.0520264814696927	0.9817953274673833
63	0.05367724541652219	0.9812751939664514
64	0.05410770305152078	0.9814052273416843
65	0.04839857209902696	0.9837024836374669
66	0.04932168651057017	0.98339907242859
67	0.05157898732263404	0.9824888388019591
68	0.04877358699803875	0.9828355944692471
69	0.04839756683899857	0.9821420831346712
70	0.047973913227139495	0.9829222833860691
71	0.04859936485343436	0.9830523167613021
72	0.04786266797789258	0.9835724502622339
73	0.045332502558228044	0.9843526505136319
74	0.0449742596291636	0.9839625503879329
75	0.044051124054251364	0.9850895063066187
76	0.04320151795957356	0.9850895063066187
77	0.043584500867020905	0.9844826838888648
78	0.04018743094392689	0.9867365957262364
79	0.03854732275339833	0.9866932512678254
80	0.04235159705978161	0.9852628841402626
81	0.04070975347299351	0.9859563954748385
82	0.04372421613844026	0.9846127172640978
83	0.03968166346027517	0.9864765289757704
84	0.039119194020180034	0.9862164622253045
85	0.038205597833852994	0.9867365957262364
86	0.03602839508268274	0.988513718521087
87	0.035077948180051846	0.9878635516449222
88	0.03833974184837818	0.9867365957262364
89	0.03791351953260445	0.9864765289757704
90	0.03704723934856102	0.9865632178925924
91	0.03732684713461528	0.9876468293528672
92	0.034918119771801315	0.9875167959776343
93	0.03527030468648416	0.9876034848944563
94	0.03360426343264428	0.9880802739369772
95	0.03247142003412551	0.9886870963547311
96	0.03577889483447875	0.9872133847687573
97	0.03395650654659192	0.9886870963547311
98	0.03675736732853269	0.9876468293528672
99	0.03204461043486152	0.9886870963547311
100	0.03559704594076424	0.9879935850201552
101	0.03355214863643567	0.9882103073122102
102	0.03380876242205108	0.988903818646786
103	0.030969238810334226	0.9897707078150059
104	0.03444967124399299	0.9882103073122102
105	0.032058768728735046	0.988860474188375
106	0.03745225332315686	0.9874301070608122
107	0.03171057046369111	0.988730440813142
108	0.030085501492271478	0.9894239521477179
109	0.030751081511646964	0.989207229855663
110	0.03256300451355404	0.988513718521087
111	0.02794270244286229	0.9903341857743487
112	0.028661196175626843	0.9905075636079927
113	0.029794018410776592	0.989163885397252
114	0.02860730365642066	0.9904208746911707
115	0.02855237677755369	0.9905075636079927
116	0.027452738705025303	0.9905075636079927
117	0.027983441928223333	0.9897707078150059
118	0.027232621149282682	0.9903775302327598
119	0.024847702576614783	0.9908109748168696
120	0.029047604903434086	0.9901174634822938
121	0.02819549624036982	0.9907242859000477
122	0.02542560011272457	0.9912877638593905
123	0.0279760559124358	0.9907676303584587
124	0.026526920673089947	0.9913311083178016
125	0.028797358646472183	0.9899440856486498
126	0.022472281065794037	0.9926314420701313
127	0.027912814474965596	0.9907242859000477
128	0.027086911353588764	0.9906809414416367
129	0.026358872941396768	0.9905509080664037
130	0.025038643782743966	0.9908543192752807
0	0.21699024470272407	0.8625547223787439
1	0.13873185198779905	0.8985739673182783
2	0.1202235545926881	0.9119674049672749
3	0.11030344758053594	0.9137011833037146
4	0.10354403682290764	0.9203762298990074
5	0.09531278782181865	0.922456763902735
6	0.09130875247526764	0.9265311429933683
7	0.08557267526317072	0.9310823111265225
8	0.0818248066260646	0.9323393004204412
9	0.07863174099862658	0.9348099345498678
10	0.07396255154550158	0.9383208356811582
11	0.07099257428173218	0.939361102683022
12	0.06745057760759796	0.9419184257292705
13	0.0645135411277062	0.9451692601100949
14	0.06070417703107392	0.9469030384465346
15	0.059646807497318176	0.9493303281175501
16	0.057771151009611214	0.949807117160071
17	0.05805017415759633	0.9505439729530579
18	0.05444210544538564	0.9520176845390317
19	0.05656176499619398	0.9508907286203458
20	0.050806757150509814	0.9538814962507044
21	0.04975855664638144	0.9570889861731178
22	0.04713918233546073	0.9564821637553639
23	0.046841683566322276	0.9585626977590915
24	0.04583547118632704	0.9595162758441333
25	0.04319115584501777	0.9592995535520784
26	0.044833597296980644	0.9606865762212301
27	0.04253598291235724	0.9606865762212301
28	0.04219114697756615	0.961683498764683
29	0.04112683056793001	0.9631138658922457
30	0.0397334026066837	0.9634172771011226
31	0.039208260058695335	0.9645875774782194
32	0.03760368781017034	0.9655411555632613
33	0.035498387605241204	0.9677517229422218
34	0.036011400897360706	0.96679814485718
35	0.03711424522029543	0.96723158944129
36	0.036967376730147744	0.9677517229422218
37	0.03520076450130976	0.9683585453599757
38	0.035182037565149316	0.9680117896926878
39	0.03371555894489262	0.9707424905725803
40	0.03314682250214681	0.9699622903211824
41	0.032029005095631335	0.9715226908239781
42	0.031654738850798586	0.9714793463655672
43	0.0326703927387973	0.9698322569459494
44	0.03195333811512602	0.9704824238221144
45	0.03214413117767207	0.9712192796151012
46	0.026819869317889378	0.9751202808720905
47	0.028697840549082764	0.9743400806206927
48	0.029489501339387297	0.9734298469940618
49	0.029632930782069446	0.9741667027870486
50	0.029359470954715132	0.9732131247020068
51	0.02921886153095473	0.9739499804949937
52	0.02752154081770517	0.9759871700403103
53	0.026363674380742892	0.9765939924580642
54	0.02513102717935295	0.9769407481253521
55	0.025210477112070365	0.978197737419271
56	0.026143234083622735	0.9762038923323653
57	0.024419329533464536	0.9770274370421742
58	0.024962754586863947	0.9769840925837632
59	0.025224347055041015	0.977547570543106
60	0.02647372125421913	0.9763339257075982
61	0.023521129698098615	0.9788912487538468
62	0.02413649962447718	0.977547570543106
63	0.023344055789518953	0.9796714490052447
64	0.023437605816845095	0.9788479042954358
65	0.023992980237476702	0.9791946599627238
66	0.02212284738908363	0.9807117160071085
67	0.02271478417511621	0.9807117160071085
68	0.02405310272343777	0.977850981751983
69	0.022482537363504734	0.9805383381734645
70	0.02344799174019103	0.9788912487538468
71	0.022024700942548735	0.9799748602141216
72	0.019673153034691672	0.9819687053010273
73	0.021360351043997458	0.9815786051753284
74	0.02036472828477497	0.9815786051753284
75	0.02194887391406521	0.9804949937150536
76	0.02121829060674871	0.9815786051753284
77	0.01866552403168275	0.983269039053357
78	0.021488524343038235	0.9817519830089723
79	0.019656288475004877	0.9827055610940141
80	0.019073430774281325	0.9837891725542889
81	0.018478868407779857	0.9824454943435482
82	0.019440787179129466	0.9827922500108361
83	0.019696982988206754	0.9812318495080404
84	0.020297459193638394	0.9827922500108361
85	0.01995045930436514	0.9831823501365351
86	0.018188673646373988	0.9845693728056868
87	0.019078051002280227	0.9843093060552208
88	0.018679038165511766	0.983745828095878
89	0.019174346976736548	0.9826188721771921
90	0.019243551193427775	0.9831823501365351
91	0.017941970931012158	0.9845693728056868
92	0.01720063663223415	0.9847860950977417
93	0.01976948736775434	0.983745828095878
94	0.019209828687607	0.983745828095878
95	0.018052835239616743	0.9843093060552208
96	0.017380714416503906	0.9848727840145637
97	0.017808489594479376	0.9851328507650297
98	0.016567869093811628	0.9850895063066187
99	0.01717124864893052	0.9856529842659616
100	0.015950917205598915	0.9866065623510034
101	0.016225911377207084	0.9853495730570847
102	0.01538715547728307	0.9867365957262364
0	0.3700137409522365	0.8735642148151359
1	0.25849038387303874	0.9072862034588878
2	0.23034088092438887	0.9155649950153872
3	0.2108598727624393	0.9245806423648737
4	0.1948408108313107	0.9288717437475619
5	0.18491237603344965	0.9322092670452082
6	0.1732374342073184	0.9381041133891032
